hash_cpu_b: 0.00929560735857847
hash_cpu_m: 3.5789371043354666e-06
hash_max_b: 14.218674721217177
hash_max_m: 1.4468514865060165e-05
hash_mem_b: 1.0024934707308528
hash_mem_m: 0.00013777294468232166
projection_cpu_b: 0.003979826758415808
projection_cpu_m: 3.1821991436242596e-06
projection_max_b: 11.04814780092237
projection_max_m: 2.289215909729387e-05
projection_mem_b: 0.5319240774856704
projection_mem_m: 0.00013816188729530573
selection_cpu_b: 0.01196453206221984
selection_cpu_m: 5.898527035272741e-06
selection_max_b: 14.762385824401012
selection_max_m: 2.5558685829242188e-05
selection_mem_b: 1.2228173678279486
selection_mem_m: 0.0001375763092642084
sort_cpu_b: 0.015390957273853867
sort_cpu_m: 2.8989823813311167e-05
sort_max_b: 184.35672634423025
sort_max_m: 0.006998618308973737
sort_mem_b: 2.315629240631531
sort_mem_m: 0.00021891906790756248
