hash_cpu_b: 0.008771203685053519
hash_cpu_m: 3.504233314551696e-06
hash_max_b: 12.907888390400903
hash_max_m: 3.1009462908642056e-05
hash_mem_b: 0.9534968700207891
hash_mem_m: 0.0001452313216304091
join_cpu_b: -0.04847090867077464
join_cpu_m: 6.130119568386188e-05
join_max_b: 22.848260243945795
join_max_m: 0.00026770481619256716
join_mem_b: 1.3025238613077406
join_mem_m: 0.0005473438927506393
projection_cpu_b: 0.0039562541480396285
projection_cpu_m: 3.2468059843117637e-06
projection_max_b: 12.151062169885696
projection_max_m: -4.424198670549499e-06
projection_mem_b: 0.5290474944794683
projection_mem_m: 0.00014559778733527195
selection_cpu_b: 0.011815024049027123
selection_cpu_m: 6.37412492477625e-06
selection_max_b: 15.599167070392463
selection_max_m: 7.691020608214237e-06
selection_mem_b: 1.3206613263903106
selection_mem_m: 0.00014433133785011506
sort_cpu_b: -0.0014365093316310862
sort_cpu_m: 3.145956454992436e-05
sort_max_b: 203.54123939049248
sort_max_m: 0.008365046727948177
sort_mem_b: 2.6400922214318516
sort_mem_m: 0.0002239355876251064
